243
5,5,0-345,323
5,10,0-350,330
5,15,0-354,337
5,20,0-359,344
5,25,0-363,351
5,30,0-368,358
5,35,0-373,365
5,40,0-378,373
5,45,0-383,380
10,5,0-350,316
10,10,0-354,323
10,15,0-358,330
10,20,0-363,337
10,25,0-368,344
10,30,0-372,351
10,35,0-377,358
10,40,0-382,366
10,45,0-387,374
15,5,0-354,309
15,10,0-358,316
15,15,0-363,323
15,20,0-368,330
15,25,0-372,337
15,30,0-377,344
15,35,0-382,352
15,40,0-387,359
15,45,0-392,367
20,5,0-358,302
20,10,0-363,309
20,15,0-368,316
20,20,0-372,323
20,25,0-377,330
20,30,0-382,337
20,35,0-387,345
20,40,0-392,352
20,45,0-397,360
25,5,0-363,295
25,10,0-367,302
25,15,0-372,309
25,20,0-377,316
25,25,0-382,323
25,30,0-387,330
25,35,0-392,337
25,40,0-397,345
25,45,0-402,353
30,5,0-367,288
30,10,0-372,295
30,15,0-377,302
30,20,0-382,308
30,25,0-387,316
30,30,0-392,323
30,35,0-397,330
30,40,0-402,338
30,45,0-407,346
35,5,0-372,281
35,10,0-376,287
35,15,0-382,294
35,20,0-387,301
35,25,0-392,308
35,30,0-397,316
35,35,0-402,323
35,40,0-408,330
35,45,0-413,338
40,5,0-376,273
40,10,0-382,280
40,15,0-387,287
40,20,0-392,294
40,25,0-397,301
40,30,0-403,308
40,35,0-408,315
40,40,0-413,323
40,45,0-419,331
45,5,0-382,265
45,10,0-387,272
45,15,0-392,279
45,20,0-397,286
45,25,0-403,293
45,30,0-408,300
45,35,0-414,308
45,40,0-419,315
45,45,0-425,323
5,0,5-334,316
5,0,10-326,316
5,0,15-318,316
5,0,20-310,316
5,0,25-302,316
5,0,30-294,316
5,0,35-286,316
5,0,40-278,316
5,0,45-269,316
10,0,5-337,309
10,0,10-330,309
10,0,15-322,309
10,0,20-314,309
10,0,25-306,309
10,0,30-298,309
10,0,35-290,309
10,0,40-281,309
10,0,45-273,309
15,0,5-342,302
15,0,10-334,302
15,0,15-326,302
15,0,20-318,302
15,0,25-310,302
15,0,30-302,302
15,0,35-294,301
15,0,40-285,301
15,0,45-277,301
20,0,5-346,295
20,0,10-338,295
20,0,15-330,295
20,0,20-322,294
20,0,25-314,294
20,0,30-306,294
20,0,35-298,294
20,0,40-289,294
20,0,45-281,294
25,0,5-351,288
25,0,10-342,288
25,0,15-334,287
25,0,20-326,287
25,0,25-319,287
25,0,30-310,287
25,0,35-302,286
25,0,40-294,286
25,0,45-284,286
30,0,5-355,280
30,0,10-346,280
30,0,15-338,280
30,0,20-331,280
30,0,25-323,279
30,0,30-314,279
30,0,35-306,279
30,0,40-297,278
30,0,45-288,278
35,0,5-359,273
35,0,10-351,273
35,0,15-344,272
35,0,20-335,272
35,0,25-327,271
35,0,30-318,271
35,0,35-310,271
35,0,40-301,271
35,0,45-292,270
40,0,5-363,265
40,0,10-356,265
40,0,15-348,264
40,0,20-340,264
40,0,25-331,264
40,0,30-323,263
40,0,35-314,263
40,0,40-306,262
40,0,45-296,262
45,0,5-368,257
45,0,10-360,257
45,0,15-352,256
45,0,20-344,256
45,0,25-336,255
45,0,30-327,255
45,0,35-319,255
45,0,40-310,254
45,0,45-301,254
0,5,5-333,330
0,5,10-326,330
0,5,15-318,330
0,5,20-310,330
0,5,25-302,330
0,5,30-294,330
0,5,35-286,330
0,5,40-278,330
0,5,45-269,330
0,10,5-338,337
0,10,10-330,337
0,10,15-322,337
0,10,20-314,337
0,10,25-306,337
0,10,30-299,337
0,10,35-290,337
0,10,40-282,337
0,10,45-273,338
0,15,5-342,343
0,15,10-334,344
0,15,15-326,344
0,15,20-318,344
0,15,25-311,344
0,15,30-302,344
0,15,35-294,345
0,15,40-286,345
0,15,45-277,345
0,20,5-346,350
0,20,10-338,351
0,20,15-331,351
0,20,20-322,351
0,20,25-315,351
0,20,30-306,352
0,20,35-298,352
0,20,40-290,352
0,20,45-281,353
0,25,5-351,358
0,25,10-343,358
0,25,15-335,358
0,25,20-327,359
0,25,25-319,359
0,25,30-310,359
0,25,35-302,359
0,25,40-294,360
0,25,45-285,360
0,30,5-356,365
0,30,10-348,365
0,30,15-339,366
0,30,20-332,366
0,30,25-323,366
0,30,30-315,367
0,30,35-307,367
0,30,40-298,368
0,30,45-289,368
0,35,5-360,372
0,35,10-352,373
0,35,15-344,373
0,35,20-336,374
0,35,25-328,374
0,35,30-319,374
0,35,35-311,375
0,35,40-302,375
0,35,45-294,376
0,40,5-364,380
0,40,10-357,381
0,40,15-348,381
0,40,20-340,382
0,40,25-332,382
0,40,30-324,383
0,40,35-315,383
0,40,40-307,384
0,40,45-298,384
0,45,5-370,388
0,45,10-361,388
0,45,15-354,389
0,45,20-345,389
0,45,25-337,390
0,45,30-328,390
0,45,35-320,391
0,45,40-311,392
0,45,45-302,392
