243
5,5,0-340,323
5,10,0-345,329
5,15,0-349,336
5,20,0-354,343
5,25,0-358,350
5,30,0-363,357
5,35,0-367,364
5,40,0-372,372
5,45,0-377,379
10,5,0-345,316
10,10,0-349,323
10,15,0-354,329
10,20,0-358,336
10,25,0-363,343
10,30,0-367,350
10,35,0-372,357
10,40,0-377,365
10,45,0-382,373
15,5,0-349,309
15,10,0-354,316
15,15,0-358,323
15,20,0-362,330
15,25,0-367,337
15,30,0-372,344
15,35,0-377,351
15,40,0-382,359
15,45,0-387,366
20,5,0-353,303
20,10,0-358,309
20,15,0-362,316
20,20,0-367,323
20,25,0-372,329
20,30,0-377,337
20,35,0-382,344
20,40,0-387,352
20,45,0-392,359
25,5,0-358,295
25,10,0-362,302
25,15,0-367,309
25,20,0-372,315
25,25,0-377,322
25,30,0-382,330
25,35,0-387,337
25,40,0-392,344
25,45,0-397,352
30,5,0-362,288
30,10,0-367,295
30,15,0-372,302
30,20,0-377,308
30,25,0-382,315
30,30,0-387,323
30,35,0-392,330
30,40,0-397,337
30,45,0-402,345
35,5,0-366,281
35,10,0-372,288
35,15,0-376,294
35,20,0-382,301
35,25,0-387,308
35,30,0-392,315
35,35,0-397,322
35,40,0-402,330
35,45,0-408,338
40,5,0-371,273
40,10,0-376,280
40,15,0-382,287
40,20,0-387,293
40,25,0-392,300
40,30,0-397,308
40,35,0-403,315
40,40,0-408,322
40,45,0-413,330
45,5,0-376,266
45,10,0-381,272
45,15,0-386,279
45,20,0-392,286
45,25,0-397,293
45,30,0-403,300
45,35,0-408,307
45,40,0-414,315
45,45,0-419,322
5,0,5-329,316
5,0,10-321,316
5,0,15-314,316
5,0,20-306,316
5,0,25-298,316
5,0,30-290,316
5,0,35-282,316
5,0,40-273,316
5,0,45-266,316
10,0,5-333,309
10,0,10-325,309
10,0,15-317,309
10,0,20-310,309
10,0,25-302,309
10,0,30-294,308
10,0,35-285,309
10,0,40-277,308
10,0,45-269,308
15,0,5-336,302
15,0,10-329,302
15,0,15-322,302
15,0,20-314,302
15,0,25-306,301
15,0,30-298,301
15,0,35-289,301
15,0,40-281,301
15,0,45-272,301
20,0,5-341,295
20,0,10-333,295
20,0,15-326,295
20,0,20-318,294
20,0,25-310,294
20,0,30-302,294
20,0,35-293,294
20,0,40-285,294
20,0,45-276,294
25,0,5-345,288
25,0,10-338,287
25,0,15-330,287
25,0,20-322,287
25,0,25-314,287
25,0,30-306,287
25,0,35-297,286
25,0,40-289,286
25,0,45-281,286
30,0,5-350,281
30,0,10-342,280
30,0,15-334,280
30,0,20-326,280
30,0,25-318,279
30,0,30-310,279
30,0,35-302,279
30,0,40-293,278
30,0,45-284,278
35,0,5-354,273
35,0,10-346,273
35,0,15-338,272
35,0,20-330,272
35,0,25-322,272
35,0,30-314,271
35,0,35-306,271
35,0,40-297,270
35,0,45-288,270
40,0,5-359,266
40,0,10-351,265
40,0,15-343,265
40,0,20-335,264
40,0,25-327,264
40,0,30-318,263
40,0,35-310,263
40,0,40-301,263
40,0,45-292,262
45,0,5-363,258
45,0,10-355,257
45,0,15-348,257
45,0,20-339,256
45,0,25-330,256
45,0,30-323,255
45,0,35-314,255
45,0,40-305,254
45,0,45-297,254
0,5,5-329,330
0,5,10-321,330
0,5,15-314,330
0,5,20-306,330
0,5,25-298,330
0,5,30-290,330
0,5,35-282,330
0,5,40-274,330
0,5,45-266,330
0,10,5-332,336
0,10,10-325,336
0,10,15-318,337
0,10,20-310,337
0,10,25-302,337
0,10,30-294,337
0,10,35-286,337
0,10,40-278,337
0,10,45-269,337
0,15,5-337,343
0,15,10-330,343
0,15,15-322,343
0,15,20-314,344
0,15,25-306,344
0,15,30-298,344
0,15,35-290,344
0,15,40-281,344
0,15,45-273,344
0,20,5-342,350
0,20,10-334,350
0,20,15-326,350
0,20,20-318,351
0,20,25-310,351
0,20,30-302,351
0,20,35-294,351
0,20,40-285,351
0,20,45-277,352
0,25,5-346,357
0,25,10-338,357
0,25,15-330,357
0,25,20-322,358
0,25,25-315,358
0,25,30-306,358
0,25,35-298,359
0,25,40-290,359
0,25,45-281,359
0,30,5-351,364
0,30,10-342,365
0,30,15-335,365
0,30,20-327,365
0,30,25-318,366
0,30,30-310,366
0,30,35-302,366
0,30,40-294,367
0,30,45-285,367
0,35,5-355,372
0,35,10-347,372
0,35,15-339,372
0,35,20-331,373
0,35,25-323,373
0,35,30-315,373
0,35,35-306,374
0,35,40-298,374
0,35,45-290,375
0,40,5-359,379
0,40,10-352,380
0,40,15-344,380
0,40,20-336,381
0,40,25-328,381
0,40,30-319,381
0,40,35-311,382
0,40,40-302,382
0,40,45-294,383
0,45,5-364,387
0,45,10-356,387
0,45,15-348,388
0,45,20-340,388
0,45,25-332,389
0,45,30-324,389
0,45,35-316,390
0,45,40-307,390
0,45,45-298,391
